CorrelationData,
0.0951618811664797,
0.0824736303442824,
0.0824736303442824,
0.101506006577578,
0.107850131988677,
0.107850131988677,
0.126882508221973,
0.133226633633072,
0.133226633633072,
0.152259009866367,
0.158603135277466,
0.158603135277466,
0.177635511510762,
0.183979636921861,
0.183979636921861,
0.203012013155157,
0.209356138566255,
0.209356138566255,
0.228388514799551,
0.23473264021065,
0.23473264021065,
0.253765016443946,
0.260109141855044,
0.260109141855044,
0.27914151808834,
0.285485643499439,
0.285485643499439,
0.304518019732735,
0.310862145143834,
0.310862145143834,
0.32989452137713,
0.336238646788228,
0.336238646788228,
0.355271023021524,
0.361615148432623,
0.361615148432623,
0.380647524665919,
0.386991650077017,
0.386991650077017,
0.406024026310313,
0.412368151721412,
0.412368151721412,
0.431400527954708,
0.437744653365807,
0.437744653365807,
0.456777029599102,
0.463121155010201,
0.463121155010201,
0.482153531243497,
0.501185907476793,
0.501185907476793,
0.482153531243497,
0.482153531243497,
0.482153531243497,
0.482153531243497,
0.482153531243497,
0.482153531243497,
0.482153531243497,
0.482153531243497,
0.482153531243497,
0.482153531243497,
0.482153531243497,
0.482153531243497,
0.482153531243497,
0.482153531243497,
0.482153531243497,
0.482153531243497,
0.482153531243497,
0.482153531243497,
0.482153531243497,
0.482153531243497,
0.482153531243497,
0.482153531243497,
0.482153531243497,
0.482153531243497,
0.482153531243497,
0.482153531243497,
0.482153531243497,
0.482153531243497,
0.482153531243497,
0.482153531243497,
0.482153531243497,
0.482153531243497,
0.482153531243497,
0.482153531243497,
0.482153531243497,
0.482153531243497,
0.482153531243497,
0.482153531243497,
0.482153531243497,
0.482153531243497,
0.482153531243497,
0.482153531243497,
0.482153531243497,
0.482153531243497,
0.482153531243497,
0.482153531243497,
0.482153531243497,
0.482153531243497,
0.501185907476793,
0.501185907476793,
0.482153531243497,
0.475809405832398,
0.475809405832398,
0.456777029599102,
0.450432904188004,
0.450432904188004,
0.431400527954708,
0.425056402543609,
0.425056402543609,
0.406024026310313,
0.399679900899215,
0.399679900899215,
0.380647524665919,
0.37430339925482,
0.37430339925482,
0.355271023021524,
0.348926897610426,
0.348926897610426,
0.32989452137713,
0.323550395966031,
0.323550395966031,
0.304518019732735,
0.298173894321636,
0.298173894321636,
0.27914151808834,
0.272797392677242,
0.272797392677242,
0.253765016443946,
0.247420891032847,
0.247420891032847,
0.228388514799551,
0.222044389388453,
0.222044389388453,
0.203012013155157,
0.196667887744058,
0.196667887744058,
0.177635511510762,
0.171291386099663,
0.171291386099663,
0.152259009866367,
0.145914884455269,
0.145914884455269,
0.126882508221973,
0.120538382810874,
0.120538382810874,
0.101506006577578,
0.0951618811664797,
0.0951618811664797,
0.0951618811664797,
0.0951618811664797,
0.0824736303442824,
0.0824736303442824,
0.101506006577578,
0.107850131988677,
0.107850131988677,
0.126882508221973,
0.133226633633072,
0.133226633633072,
0.152259009866367,
0.158603135277466,
0.158603135277466,
0.177635511510762,
0.183979636921861,
0.183979636921861,
0.203012013155157,
0.209356138566255,
0.209356138566255,
0.228388514799551,
0.23473264021065,
0.23473264021065,
0.253765016443946,
0.260109141855044,
0.260109141855044,
0.27914151808834,
0.285485643499439,
0.285485643499439,
0.304518019732735,
0.310862145143834,
0.310862145143834,
0.32989452137713,
0.336238646788228,
0.336238646788228,
0.355271023021524,
0.361615148432623,
0.361615148432623,
0.380647524665919,
0.386991650077017,
0.386991650077017,
0.406024026310313,
0.412368151721412,
0.412368151721412,
0.431400527954708,
0.437744653365807,
0.437744653365807,
0.456777029599102,
0.463121155010201,
0.463121155010201,
0.482153531243497,
0.501185907476793,
0.501185907476793,
0.482153531243497,
0.482153531243497,
0.482153531243497,
0.482153531243497,
0.482153531243497,
0.482153531243497,
0.482153531243497,
0.482153531243497,
0.482153531243497,
0.482153531243497,
0.482153531243497,
0.482153531243497,
0.482153531243497,
0.482153531243497,
0.482153531243497,
0.482153531243497,
0.482153531243497,
0.482153531243497,
0.482153531243497,
0.482153531243497,
0.482153531243497,
0.482153531243497,
0.482153531243497,
0.482153531243497,
0.482153531243497,
0.482153531243497,
0.482153531243497,
0.482153531243497,
0.482153531243497,
0.482153531243497,
0.482153531243497,
0.482153531243497,
0.482153531243497,
0.482153531243497,
0.482153531243497,
0.482153531243497,
0.482153531243497,
0.482153531243497,
0.482153531243497,
0.482153531243497,
0.482153531243497,
0.482153531243497,
0.482153531243497,
0.482153531243497,
0.482153531243497,
0.482153531243497,
0.482153531243497,
0.482153531243497,
0.501185907476793,
0.501185907476793,
0.482153531243497,
0.475809405832398,
0.475809405832398,
0.456777029599102,
0.450432904188004,
0.450432904188004,
0.431400527954708,
0.425056402543609,
0.425056402543609,
0.406024026310313,
0.399679900899215,
0.399679900899215,
0.380647524665919,
0.37430339925482,
0.37430339925482,
0.355271023021524,
0.348926897610426,
0.348926897610426,
0.32989452137713,
0.323550395966031,
0.323550395966031,
0.304518019732735,
0.298173894321636,
0.298173894321636,
0.27914151808834,
0.272797392677242,
0.272797392677242,
0.253765016443946,
0.247420891032847,
0.247420891032847,
0.228388514799551,
0.222044389388453,
0.222044389388453,
0.203012013155157,
0.196667887744058,
0.196667887744058,
0.177635511510762,
0.171291386099663,
0.171291386099663,
0.152259009866367,
0.145914884455269,
0.145914884455269,
0.126882508221973,
0.120538382810874,
0.120538382810874,
0.101506006577578,
0.0951618811664797,
0.0951618811664797,
0.0951618811664797,
0.0951618811664797,
0.0824736303442824,
0.0824736303442824,
0.101506006577578,
0.107850131988677,
0.107850131988677,
0.126882508221973,
0.133226633633072,
0.133226633633072,
0.152259009866367,
0.158603135277466,
0.158603135277466,
0.177635511510762,
0.183979636921861,
0.183979636921861,
0.203012013155157,
0.209356138566255,
0.209356138566255,
0.228388514799551,
0.23473264021065,
0.23473264021065,
0.253765016443946,
0.260109141855044,
0.260109141855044,
0.27914151808834,
0.285485643499439,
0.285485643499439,
0.304518019732735,
0.310862145143834,
0.310862145143834,
0.32989452137713,
0.336238646788228,
0.336238646788228,
0.355271023021524,
0.361615148432623,
0.361615148432623,
0.380647524665919,
0.386991650077017,
0.386991650077017,
0.406024026310313,
0.412368151721412,
0.412368151721412,
0.431400527954708,
0.437744653365807,
0.437744653365807,
0.456777029599102,
0.463121155010201,
0.463121155010201,
0.482153531243497,
0.501185907476793,
0.501185907476793,
0.482153531243497,
0.482153531243497,
0.482153531243497,
0.482153531243497,
0.482153531243497,
0.482153531243497,
0.482153531243497,
0.482153531243497,
0.482153531243497,
0.482153531243497,
0.482153531243497,
0.482153531243497,
0.482153531243497,
0.482153531243497,
0.482153531243497,
0.482153531243497,
0.482153531243497,
0.482153531243497,
0.482153531243497,
0.482153531243497,
0.482153531243497,
0.482153531243497,
0.482153531243497,
0.482153531243497,
0.482153531243497,
0.482153531243497,
0.482153531243497,
0.482153531243497,
0.482153531243497,
0.482153531243497,
0.482153531243497,
0.482153531243497,
0.482153531243497,
0.482153531243497,
0.482153531243497,
0.482153531243497,
0.482153531243497,
0.482153531243497,
0.482153531243497,
0.482153531243497,
0.482153531243497,
0.482153531243497,
0.482153531243497,
0.482153531243497,
0.482153531243497,
0.482153531243497,
0.482153531243497,
0.482153531243497,
0.501185907476793,
0.501185907476793,
0.482153531243497,
0.475809405832398,
0.475809405832398,
0.456777029599102,
0.450432904188004,
0.450432904188004,
0.431400527954708,
0.425056402543609,
0.425056402543609,
0.406024026310313,
0.399679900899215,
0.399679900899215,
0.380647524665919,
0.37430339925482,
0.37430339925482,
0.355271023021524,
0.348926897610426,
0.348926897610426,
0.32989452137713,
0.323550395966031,
0.323550395966031,
0.304518019732735,
0.298173894321636,
0.298173894321636,
0.27914151808834,
0.272797392677242,
0.272797392677242,
0.253765016443946,
0.247420891032847,
0.247420891032847,
0.228388514799551,
0.222044389388453,
0.222044389388453,
0.203012013155157,
0.196667887744058,
0.196667887744058,
0.177635511510762,
0.171291386099663,
0.171291386099663,
0.152259009866367,
0.145914884455269,
0.145914884455269,
0.126882508221973,
0.120538382810874,
0.120538382810874,
0.101506006577578,
0.0951618811664797,
0.0951618811664797,
0.0951618811664797,
