CorrelationData,
0.722175787514731,
0.722175787514731,
0.722175787514731,
0.722175787514731,
0.722175787514731,
0.726805119485979,
0.731434451457227,
0.736063783428475,
0.740693115399724,
0.745322447370972,
0.74995177934222,
0.754581111313468,
0.759210443284717,
0.763839775255965,
0.768469107227213,
0.773098439198462,
0.77772777116971,
0.782357103140958,
0.786986435112206,
0.791615767083455,
0.796245099054703,
0.800874431025951,
0.8055037629972,
0.810133094968448,
0.814762426939696,
0.819391758910944,
0.824021090882193,
0.828650422853441,
0.833279754824689,
0.837909086795937,
0.842538418767186,
0.847167750738434,
0.851797082709682,
0.856426414680931,
0.861055746652179,
0.865685078623427,
0.870314410594675,
0.874943742565924,
0.879573074537172,
0.88420240650842,
0.888831738479668,
0.893461070450917,
0.898090402422165,
0.902719734393413,
0.907349066364662,
0.91197839833591,
0.916607730307158,
0.921237062278406,
0.925866394249655,
0.930495726220903,
0.935125058192151,
0.935125058192151,
0.935125058192151,
0.935125058192151,
0.930495726220903,
0.925866394249655,
0.921237062278406,
0.916607730307158,
0.91197839833591,
0.907349066364662,
0.902719734393413,
0.898090402422165,
0.893461070450917,
0.888831738479668,
0.88420240650842,
0.879573074537172,
0.874943742565924,
0.870314410594675,
0.865685078623427,
0.861055746652179,
0.856426414680931,
0.851797082709682,
0.847167750738434,
0.842538418767186,
0.837909086795937,
0.833279754824689,
0.828650422853441,
0.824021090882193,
0.819391758910944,
0.814762426939696,
0.810133094968448,
0.8055037629972,
0.800874431025951,
0.796245099054703,
0.791615767083455,
0.786986435112206,
0.782357103140958,
0.77772777116971,
0.773098439198462,
0.768469107227213,
0.763839775255965,
0.759210443284717,
0.754581111313468,
0.74995177934222,
0.745322447370972,
0.740693115399724,
0.736063783428475,
0.731434451457227,
0.726805119485979,
0.722175787514731,
0.722175787514731,
0.722175787514731,
0.722175787514731,
0.722175787514731,
0.722175787514731,
0.722175787514731,
0.722175787514731,
0.722175787514731,
0.722175787514731,
0.722175787514731,
0.722175787514731,
0.722175787514731,
0.722175787514731,
0.722175787514731,
0.722175787514731,
0.722175787514731,
0.722175787514731,
0.722175787514731,
0.722175787514731,
0.722175787514731,
0.722175787514731,
0.722175787514731,
0.722175787514731,
0.722175787514731,
0.722175787514731,
0.722175787514731,
0.722175787514731,
0.722175787514731,
0.722175787514731,
0.722175787514731,
0.722175787514731,
0.722175787514731,
0.722175787514731,
0.722175787514731,
0.722175787514731,
0.722175787514731,
0.722175787514731,
0.722175787514731,
0.722175787514731,
0.722175787514731,
0.722175787514731,
0.722175787514731,
0.722175787514731,
0.722175787514731,
0.722175787514731,
0.722175787514731,
0.722175787514731,
0.722175787514731,
0.722175787514731,
0.722175787514731,
0.722175787514731,
0.722175787514731,
0.722175787514731,
0.722175787514731,
0.722175787514731,
0.726805119485979,
0.731434451457227,
0.736063783428475,
0.740693115399724,
0.745322447370972,
0.74995177934222,
0.754581111313468,
0.759210443284717,
0.763839775255965,
0.768469107227213,
0.773098439198462,
0.77772777116971,
0.782357103140958,
0.786986435112206,
0.791615767083455,
0.796245099054703,
0.800874431025951,
0.8055037629972,
0.810133094968448,
0.814762426939696,
0.819391758910944,
0.824021090882193,
0.828650422853441,
0.833279754824689,
0.837909086795937,
0.842538418767186,
0.847167750738434,
0.851797082709682,
0.856426414680931,
0.861055746652179,
0.865685078623427,
0.870314410594675,
0.874943742565924,
0.879573074537172,
0.88420240650842,
0.888831738479668,
0.893461070450917,
0.898090402422165,
0.902719734393413,
0.907349066364662,
0.91197839833591,
0.916607730307158,
0.921237062278406,
0.925866394249655,
0.930495726220903,
0.935125058192151,
0.935125058192151,
0.935125058192151,
0.935125058192151,
0.930495726220903,
0.925866394249655,
0.921237062278406,
0.916607730307158,
0.91197839833591,
0.907349066364662,
0.902719734393413,
0.898090402422165,
0.893461070450917,
0.888831738479668,
0.88420240650842,
0.879573074537172,
0.874943742565924,
0.870314410594675,
0.865685078623427,
0.861055746652179,
0.856426414680931,
0.851797082709682,
0.847167750738434,
0.842538418767186,
0.837909086795937,
0.833279754824689,
0.828650422853441,
0.824021090882193,
0.819391758910944,
0.814762426939696,
0.810133094968448,
0.8055037629972,
0.800874431025951,
0.796245099054703,
0.791615767083455,
0.786986435112206,
0.782357103140958,
0.77772777116971,
0.773098439198462,
0.768469107227213,
0.763839775255965,
0.759210443284717,
0.754581111313468,
0.74995177934222,
0.745322447370972,
0.740693115399724,
0.736063783428475,
0.731434451457227,
0.726805119485979,
0.722175787514731,
0.722175787514731,
0.722175787514731,
0.722175787514731,
0.722175787514731,
0.722175787514731,
0.722175787514731,
0.722175787514731,
0.722175787514731,
0.722175787514731,
0.722175787514731,
0.722175787514731,
0.722175787514731,
0.722175787514731,
0.722175787514731,
0.722175787514731,
0.722175787514731,
0.722175787514731,
0.722175787514731,
0.722175787514731,
0.722175787514731,
0.722175787514731,
0.722175787514731,
0.722175787514731,
0.722175787514731,
0.722175787514731,
0.722175787514731,
0.722175787514731,
0.722175787514731,
0.722175787514731,
0.722175787514731,
0.722175787514731,
0.722175787514731,
0.722175787514731,
0.722175787514731,
0.722175787514731,
0.722175787514731,
0.722175787514731,
0.722175787514731,
0.722175787514731,
0.722175787514731,
0.722175787514731,
0.722175787514731,
0.722175787514731,
0.722175787514731,
0.722175787514731,
0.722175787514731,
0.722175787514731,
0.722175787514731,
0.722175787514731,
0.722175787514731,
0.722175787514731,
0.722175787514731,
0.722175787514731,
0.722175787514731,
0.722175787514731,
0.726805119485979,
0.731434451457227,
0.736063783428475,
0.740693115399724,
0.745322447370972,
0.74995177934222,
0.754581111313468,
0.759210443284717,
0.763839775255965,
0.768469107227213,
0.773098439198462,
0.77772777116971,
0.782357103140958,
0.786986435112206,
0.791615767083455,
0.796245099054703,
0.800874431025951,
0.8055037629972,
0.810133094968448,
0.814762426939696,
0.819391758910944,
0.824021090882193,
0.828650422853441,
0.833279754824689,
0.837909086795937,
0.842538418767186,
0.847167750738434,
0.851797082709682,
0.856426414680931,
0.861055746652179,
0.865685078623427,
0.870314410594675,
0.874943742565924,
0.879573074537172,
0.88420240650842,
0.888831738479668,
0.893461070450917,
0.898090402422165,
0.902719734393413,
0.907349066364662,
0.91197839833591,
0.916607730307158,
0.921237062278406,
0.925866394249655,
0.930495726220903,
0.935125058192151,
0.935125058192151,
0.935125058192151,
0.935125058192151,
0.930495726220903,
0.925866394249655,
0.921237062278406,
0.916607730307158,
0.91197839833591,
0.907349066364662,
0.902719734393413,
0.898090402422165,
0.893461070450917,
0.888831738479668,
0.88420240650842,
0.879573074537172,
0.874943742565924,
0.870314410594675,
0.865685078623427,
0.861055746652179,
0.856426414680931,
0.851797082709682,
0.847167750738434,
0.842538418767186,
0.837909086795937,
0.833279754824689,
0.828650422853441,
0.824021090882193,
0.819391758910944,
0.814762426939696,
0.810133094968448,
0.8055037629972,
0.800874431025951,
0.796245099054703,
0.791615767083455,
0.786986435112206,
0.782357103140958,
0.77772777116971,
0.773098439198462,
0.768469107227213,
0.763839775255965,
0.759210443284717,
0.754581111313468,
0.74995177934222,
0.745322447370972,
0.740693115399724,
0.736063783428475,
0.731434451457227,
0.726805119485979,
0.722175787514731,
0.722175787514731,
0.722175787514731,
0.722175787514731,
0.722175787514731,
0.722175787514731,
0.722175787514731,
0.722175787514731,
0.722175787514731,
0.722175787514731,
0.722175787514731,
0.722175787514731,
0.722175787514731,
0.722175787514731,
0.722175787514731,
0.722175787514731,
0.722175787514731,
0.722175787514731,
0.722175787514731,
0.722175787514731,
0.722175787514731,
0.722175787514731,
0.722175787514731,
0.722175787514731,
0.722175787514731,
0.722175787514731,
0.722175787514731,
0.722175787514731,
0.722175787514731,
0.722175787514731,
0.722175787514731,
0.722175787514731,
0.722175787514731,
0.722175787514731,
0.722175787514731,
0.722175787514731,
0.722175787514731,
0.722175787514731,
0.722175787514731,
0.722175787514731,
0.722175787514731,
0.722175787514731,
0.722175787514731,
0.722175787514731,
0.722175787514731,
0.722175787514731,
0.722175787514731,
0.722175787514731,
0.722175787514731,
0.722175787514731,
0.722175787514731,
