CorrelationData,
0.486469152827018,
0.486469152827018,
0.486469152827018,
0.47757032686067,
0.468671500894322,
0.465705225572206,
0.465705225572206,
0.456806399605858,
0.453840124283742,
0.453840124283742,
0.444941298317395,
0.441975022995279,
0.441975022995279,
0.433076197028931,
0.430109921706815,
0.430109921706815,
0.421211095740467,
0.418244820418351,
0.418244820418351,
0.409345994452003,
0.406379719129887,
0.406379719129887,
0.397480893163539,
0.394514617841423,
0.394514617841423,
0.385615791875075,
0.382649516552959,
0.382649516552959,
0.373750690586611,
0.370784415264495,
0.370784415264495,
0.361885589298148,
0.358919313976032,
0.358919313976032,
0.350020488009684,
0.347054212687568,
0.347054212687568,
0.33815538672122,
0.335189111399104,
0.335189111399104,
0.326290285432756,
0.32332401011064,
0.32332401011064,
0.314425184144292,
0.311458908822176,
0.311458908822176,
0.302560082855828,
0.299593807533712,
0.299593807533712,
0.299593807533712,
0.305526358177944,
0.30849263350006,
0.299593807533712,
0.299593807533712,
0.29366125688948,
0.29366125688948,
0.302560082855828,
0.305526358177944,
0.305526358177944,
0.314425184144292,
0.317391459466408,
0.317391459466408,
0.326290285432756,
0.329256560754872,
0.329256560754872,
0.33815538672122,
0.341121662043336,
0.341121662043336,
0.350020488009684,
0.3529867633318,
0.3529867633318,
0.361885589298148,
0.364851864620264,
0.364851864620264,
0.373750690586611,
0.376716965908727,
0.376716965908727,
0.385615791875075,
0.388582067197191,
0.388582067197191,
0.397480893163539,
0.400447168485655,
0.400447168485655,
0.409345994452003,
0.412312269774119,
0.412312269774119,
0.421211095740467,
0.424177371062583,
0.424177371062583,
0.433076197028931,
0.436042472351047,
0.436042472351047,
0.444941298317395,
0.447907573639511,
0.447907573639511,
0.456806399605858,
0.459772674927974,
0.459772674927974,
0.468671500894322,
0.47757032686067,
0.486469152827018,
0.486469152827018,
0.486469152827018,
0.47757032686067,
0.468671500894322,
0.468671500894322,
0.468671500894322,
0.468671500894322,
0.468671500894322,
0.468671500894322,
0.468671500894322,
0.468671500894322,
0.468671500894322,
0.468671500894322,
0.468671500894322,
0.468671500894322,
0.468671500894322,
0.468671500894322,
0.468671500894322,
0.468671500894322,
0.468671500894322,
0.468671500894322,
0.468671500894322,
0.468671500894322,
0.468671500894322,
0.468671500894322,
0.468671500894322,
0.468671500894322,
0.468671500894322,
0.468671500894322,
0.468671500894322,
0.468671500894322,
0.468671500894322,
0.468671500894322,
0.468671500894322,
0.468671500894322,
0.468671500894322,
0.468671500894322,
0.468671500894322,
0.468671500894322,
0.468671500894322,
0.468671500894322,
0.468671500894322,
0.468671500894322,
0.468671500894322,
0.468671500894322,
0.468671500894322,
0.468671500894322,
0.468671500894322,
0.47757032686067,
0.486469152827018,
0.486469152827018,
0.486469152827018,
0.47757032686067,
0.468671500894322,
0.465705225572206,
0.465705225572206,
0.456806399605858,
0.453840124283742,
0.453840124283742,
0.444941298317395,
0.441975022995279,
0.441975022995279,
0.433076197028931,
0.430109921706815,
0.430109921706815,
0.421211095740467,
0.418244820418351,
0.418244820418351,
0.409345994452003,
0.406379719129887,
0.406379719129887,
0.397480893163539,
0.394514617841423,
0.394514617841423,
0.385615791875075,
0.382649516552959,
0.382649516552959,
0.373750690586611,
0.370784415264495,
0.370784415264495,
0.361885589298148,
0.358919313976032,
0.358919313976032,
0.350020488009684,
0.347054212687568,
0.347054212687568,
0.33815538672122,
0.335189111399104,
0.335189111399104,
0.326290285432756,
0.32332401011064,
0.32332401011064,
0.314425184144292,
0.311458908822176,
0.311458908822176,
0.302560082855828,
0.299593807533712,
0.299593807533712,
0.299593807533712,
0.305526358177944,
0.30849263350006,
0.299593807533712,
0.299593807533712,
0.29366125688948,
0.29366125688948,
0.302560082855828,
0.305526358177944,
0.305526358177944,
0.314425184144292,
0.317391459466408,
0.317391459466408,
0.326290285432756,
0.329256560754872,
0.329256560754872,
0.33815538672122,
0.341121662043336,
0.341121662043336,
0.350020488009684,
0.3529867633318,
0.3529867633318,
0.361885589298148,
0.364851864620264,
0.364851864620264,
0.373750690586611,
0.376716965908727,
0.376716965908727,
0.385615791875075,
0.388582067197191,
0.388582067197191,
0.397480893163539,
0.400447168485655,
0.400447168485655,
0.409345994452003,
0.412312269774119,
0.412312269774119,
0.421211095740467,
0.424177371062583,
0.424177371062583,
0.433076197028931,
0.436042472351047,
0.436042472351047,
0.444941298317395,
0.447907573639511,
0.447907573639511,
0.456806399605858,
0.459772674927974,
0.459772674927974,
0.468671500894322,
0.47757032686067,
0.486469152827018,
0.486469152827018,
0.486469152827018,
0.47757032686067,
0.468671500894322,
0.468671500894322,
0.468671500894322,
0.468671500894322,
0.468671500894322,
0.468671500894322,
0.468671500894322,
0.468671500894322,
0.468671500894322,
0.468671500894322,
0.468671500894322,
0.468671500894322,
0.468671500894322,
0.468671500894322,
0.468671500894322,
0.468671500894322,
0.468671500894322,
0.468671500894322,
0.468671500894322,
0.468671500894322,
0.468671500894322,
0.468671500894322,
0.468671500894322,
0.468671500894322,
0.468671500894322,
0.468671500894322,
0.468671500894322,
0.468671500894322,
0.468671500894322,
0.468671500894322,
0.468671500894322,
0.468671500894322,
0.468671500894322,
0.468671500894322,
0.468671500894322,
0.468671500894322,
0.468671500894322,
0.468671500894322,
0.468671500894322,
0.468671500894322,
0.468671500894322,
0.468671500894322,
0.468671500894322,
0.468671500894322,
0.468671500894322,
0.47757032686067,
0.486469152827018,
0.486469152827018,
0.486469152827018,
0.47757032686067,
0.468671500894322,
0.465705225572206,
0.465705225572206,
0.456806399605858,
0.453840124283742,
0.453840124283742,
0.444941298317395,
0.441975022995279,
0.441975022995279,
0.433076197028931,
0.430109921706815,
0.430109921706815,
0.421211095740467,
0.418244820418351,
0.418244820418351,
0.409345994452003,
0.406379719129887,
0.406379719129887,
0.397480893163539,
0.394514617841423,
0.394514617841423,
0.385615791875075,
0.382649516552959,
0.382649516552959,
0.373750690586611,
0.370784415264495,
0.370784415264495,
0.361885589298148,
0.358919313976032,
0.358919313976032,
0.350020488009684,
0.347054212687568,
0.347054212687568,
0.33815538672122,
0.335189111399104,
0.335189111399104,
0.326290285432756,
0.32332401011064,
0.32332401011064,
0.314425184144292,
0.311458908822176,
0.311458908822176,
0.302560082855828,
0.299593807533712,
0.299593807533712,
0.299593807533712,
0.305526358177944,
0.30849263350006,
0.299593807533712,
0.299593807533712,
0.29366125688948,
0.29366125688948,
0.302560082855828,
0.305526358177944,
0.305526358177944,
0.314425184144292,
0.317391459466408,
0.317391459466408,
0.326290285432756,
0.329256560754872,
0.329256560754872,
0.33815538672122,
0.341121662043336,
0.341121662043336,
0.350020488009684,
0.3529867633318,
0.3529867633318,
0.361885589298148,
0.364851864620264,
0.364851864620264,
0.373750690586611,
0.376716965908727,
0.376716965908727,
0.385615791875075,
0.388582067197191,
0.388582067197191,
0.397480893163539,
0.400447168485655,
0.400447168485655,
0.409345994452003,
0.412312269774119,
0.412312269774119,
0.421211095740467,
0.424177371062583,
0.424177371062583,
0.433076197028931,
0.436042472351047,
0.436042472351047,
0.444941298317395,
0.447907573639511,
0.447907573639511,
0.456806399605858,
0.459772674927974,
0.459772674927974,
0.468671500894322,
0.47757032686067,
0.486469152827018,
0.486469152827018,
0.486469152827018,
0.47757032686067,
0.468671500894322,
0.468671500894322,
0.468671500894322,
0.468671500894322,
0.468671500894322,
0.468671500894322,
0.468671500894322,
0.468671500894322,
0.468671500894322,
0.468671500894322,
0.468671500894322,
0.468671500894322,
0.468671500894322,
0.468671500894322,
0.468671500894322,
0.468671500894322,
0.468671500894322,
0.468671500894322,
0.468671500894322,
0.468671500894322,
0.468671500894322,
0.468671500894322,
0.468671500894322,
0.468671500894322,
0.468671500894322,
0.468671500894322,
0.468671500894322,
0.468671500894322,
0.468671500894322,
0.468671500894322,
0.468671500894322,
0.468671500894322,
0.468671500894322,
0.468671500894322,
0.468671500894322,
0.468671500894322,
0.468671500894322,
0.468671500894322,
0.468671500894322,
0.468671500894322,
0.468671500894322,
0.468671500894322,
0.468671500894322,
0.468671500894322,
0.468671500894322,
0.47757032686067,
